

AP101
Advance Programming
lotfi
True
False
40
16
00
1
30
saturday sunday
1 2 3 4 5 6 7 8 9 10 11 12 13 14 15 16 17 18 19 20 21 22 23 24 25 26 27 28 29 30 31 32 33 34 35 36 37 38 39 40

MH101
Math 
Sabzevari
False
False
25
10
30
1
00
sunday wednesday
1 2 3 4 5 6 7 8 9 10 11 12 13 14 15 16 17 18 19 20 21 22 23 24 25

PH101
Physics
Bahrami
True
False
30
13
45
1
30
monday tuesday
1 2 3 4 5 6 7 8 9 10 11 12 13 14 15 16 17 18 19 20 21 22 23 24 25 26 27 28 29 30 31 32 33 34 35 36 37 38 39 40 41 42 43 44 45


WH101
Workshop
Bahonar
True
True
40
17
00
00
45
tuesday saturday
1 2 3 4 5 6 7 8 9 10 11 12 13 14 15 16 17 18 19 20 21 22 23 24 25 26 27 28 29 30 31 32 33 34 35 36 37 38 39 40


